0.171020000000
0.136000000000
0.108800000000
0.087040000000
0.069615000000
0.055675000000
0.044540000000
0.035615000000
0.028560000000
0.022780000000
0.018275000000
0.014620000000
0.011645000000
0.009350000000
0.007480000000
0.005950000000
0.004760000000
0.003825000000
0.003060000000
0.002465000000
0.001955000000
0.001530000000
0.001275000000
0.001020000000
0.000765000000
0.000680000000
0.000510000000
0.000425000000
0.000340000000
0.000255000000
0.000170000000
0.000000000000
0.000000000000
0.000000000000
0.000000000000
0.000000000000
0.000000000000
0.000000000000
0.000000000000
0.000000000000
0.000000000000
0.000000000000
0.000000000001
0.000000000002
0.000000000003
0.000000000006
0.000000000012
0.000000000022
0.000000000040
0.000000000072
0.000000000127
0.000000000222
0.000000000381
0.000000000645
0.000000001079
0.000000001783
0.000000002908
0.000000004689
0.000000007470
0.000000011765
0.000000018323
0.000000028223
0.000000043007
0.000000064847
0.000000096771
0.000000142957
0.000000209102
0.000000302890
0.000000434581
0.000000617726
0.000000870037
0.000001214426
0.000001680234
0.000002304645
0.000003134317
0.000004227204
0.000005654571
0.000007503181
0.000009877605
0.000012902622
0.000016725621
0.000021518939
0.000027482018
0.000034843273
0.000043861532
0.000054826915
0.000068060998
0.000083916117
0.000102773671
0.000125041300
0.000151148824
0.000181542881
0.000216680213
0.000257019615
0.000303012598
0.000355092889
0.000413664911
0.000479091505
0.000551681126
0.000631674890
0.000719233785
0.000814426492
0.000917218185
0.001027460756
0.001144884842
0.001269094047
0.001399561659
0.001535630154
0.001676513654
0.001821303470
0.001968976724
0.002118407993
0.002268383780
0.002417619555
0.002564779006
0.002708495071
0.002847392255
0.002980109690
0.003105324383
0.003221774047
0.003328278975
0.003423762388
0.003507268788
0.003577979852
0.003635227529
0.003678504048
0.003707468646
0.003721950946
0.003721950946
0.003707635750
0.003679333187
0.003637522582
0.003582822995
0.003515979282
0.003437846409
0.003349372421
0.003251580525
0.003145550726
0.003032401419
0.002913271363
0.002789302369
0.002661623035
0.002531333796
0.002399493494
0.002267107646
0.002135118502
0.002004396961
0.001875736345
0.001749848000
0.001627358640
0.001508809335
0.001394655997
0.001285271213
0.001180947251
0.001081900062
0.000988274095
0.000900147743
0.000817539248
0.000740412903
0.000668685403
0.000602232196
0.000540893731
0.000484481502
0.000432783780
0.000385571004
0.000342600742
0.000303622214
0.000268380350
0.000236619362
0.000208085851
0.000182531448
0.000159715017
0.000139404437
0.000121378001
0.000105425464
0.000091348768
0.000078962495
0.000068094061
0.000058583718
0.000050284358
0.000043061190
0.000036791292
0.000031363068
0.000026675653
0.000022638257
0.000019169492
0.000016196683
0.000013655182
0.000011487693
0.000009643616
0.000008078422
0.000006753056
0.000005633378
0.000004689642
0.000003896010
0.000003230111
0.000002672630
0.000002206944
0.000001818788
0.000001495953
0.000001228021
0.000001006126
0.000000822744
0.000000671504
0.000000547030
0.000000444794
0.000000360992
0.000000292438
0.000000236469
0.000000190865
0.000000153777
0.000000123675
0.000000099288
0.000000079570
0.000000063656
0.000000050836
0.000000040528
0.000000032255
0.000000025628
0.000000020327
0.000000016096
0.000000012725
0.000000010043
0.000000007913
0.000000006225
0.000000004889
0.000000003834
0.000000003001
0.000000002346
0.000000001831
0.000000001427
0.000000001110
0.000000000862
0.000000000669
0.000000000518
0.000000000401
0.000000000309
0.000000000238
0.000000000184
0.000000000141
0.000000000108
0.000000000083
0.000000000064
0.000000000049
0.000000000037
0.000000000028
0.000000000022
0.000000000016
0.000000000012
0.000000000009
0.000000000007
0.000000000005
0.000000000004
0.000000000003
0.000000000002
0.000000000002
0.000000000001
0.000000000001
0.000000000001
0.000000000001
0.000000000000
0.000000000000
0.000000000000
0.000000000000
0.000000000000
0.000000000000
0.000000000000
0.000000000000
0.000000000000
0.000000000000
0.000000000000
0.000000000000
0.000000000000
0.000000000000
0.000000000000
0.000000000000
0.000000000000
0.000000000000
0.000000000000
0.000000000000
0.000000000000
0.000000000000
0.000000000000
0.000000000000
0.000000000000
0.000000000000
0.000000000000
0.000000000000
0.000000000000
0.000000000000
0.000000000000
0.000000000000
0.000000000000
0.000000000000
0.000000000000
0.000000000000
0.000000000000
0.000000000000
0.000000000000
0.000000000000
0.000000000000
0.000000000000
0.000000000000
0.000000000000
0.000000000000
0.000000000000
0.000000000000
0.000000000000
0.000000000000
0.000000000000
0.000000000000
0.000000000000
0.000000000000
0.000000000000
0.000000000000
0.000000000000
0.000000000000
0.000000000000
0.000000000000
0.000000000000
0.000000000000
0.000000000000
0.000000000000
0.000000000000
0.000000000000
0.000000000000
0.000000000000
0.000000000000
0.000000000000
0.000000000000
0.000000000000
0.000000000000
0.000000000000
0.000000000000
0.000000000000
0.000000000000
0.000000000000
0.000000000000
0.000000000000
0.000000000000
0.000000000000
0.000000000000
0.000000000000
0.000000000000
0.000000000000
0.000000000000
0.000000000000
0.000000000000
0.000000000000
0.000000000000
0.000000000000
0.000000000000
0.000000000000
0.000000000000
0.000000000000
0.000000000000
0.000000000000
0.000000000000
0.000000000000
0.000000000000
0.000000000000
0.000000000000
0.000000000000
0.000000000000
0.000000000000
0.000000000000
0.000000000000
0.000000000000
0.000000000000
0.000000000000
0.000000000000
0.000000000000
0.000000000000
0.000000000000
0.000000000000
0.000000000000
0.000000000000
0.000000000000
0.000000000000
0.000000000000
0.000000000000
0.000000000000
0.000000000000
0.000000000000
0.000000000000
0.000000000000
0.000000000000
0.000000000000
0.000000000000
0.000000000000
0.000000000000
0.000000000000
0.000000000000
0.000000000000
0.000000000000
0.000000000000
0.000000000000
0.000000000000
0.000000000000
0.000000000000
